0.0
90.32799999999997
91.32799999999997
92.32799999999997
93.32799999999997
238.44799999999995
238.48799999999994
238.52799999999993
238.56799999999993
322.60800000000006
322.6480000000001
322.6880000000001
322.7280000000001
406.76800000000014
406.80800000000016
406.8480000000002
406.8880000000002
490.9280000000002
490.96800000000025
491.00800000000027
491.0480000000003
575.0880000000001
575.1280000000002
575.1680000000001
575.2080000000001
659.2479999999999
659.288
659.328
659.3679999999999
743.4079999999998
743.4479999999999
743.4879999999998
743.5279999999998
827.5679999999996
827.6079999999997
827.6479999999997
827.6879999999996
911.7279999999995
911.7679999999996
911.8079999999995
911.8479999999995
995.8879999999994
995.9279999999994
995.9679999999994
996.0079999999994
1080.0479999999993
1080.0879999999993
1080.1279999999992
1080.1679999999992
1164.2079999999992
1164.2479999999991
1164.287999999999
1164.327999999999
1248.367999999999
1248.407999999999
1248.447999999999
1248.487999999999
1332.5279999999989
1332.5679999999988
1332.6079999999988
1332.6479999999988
1416.6879999999987
1416.7279999999987
1416.7679999999987
1416.8079999999986
1500.8479999999986
1500.8879999999986
1500.9279999999985
1500.9679999999985
1585.0079999999984
1585.0479999999984
1585.0879999999984
1585.1279999999983
1669.1679999999983
1669.2079999999983
1669.2479999999982
1669.2879999999982
1753.3279999999982
1753.3679999999981
1753.407999999998
1753.447999999998
1837.487999999998
1837.527999999998
1837.567999999998
1837.607999999998
1921.6479999999979
1921.6879999999978
1921.7279999999978
1921.7679999999978
2005.8079999999977
2154.8079999999977
2154.8479999999977
2154.8879999999976
2154.9279999999976
2238.9679999999976
2239.0079999999975
2239.0479999999975
2239.0879999999975
2323.1279999999974
2323.1679999999974
2323.2079999999974
2323.2479999999973
2407.2879999999973
2407.3279999999972
2407.367999999997
2407.407999999997
2491.447999999997
2491.487999999997
2491.527999999997
2491.567999999997
2575.607999999997
2575.647999999997
2575.687999999997
2575.727999999997
2659.767999999997
2659.807999999997
2659.847999999997
2659.8879999999967
2743.9279999999967
2743.9679999999967
2744.0079999999966
2744.0479999999966
2828.0879999999966
2828.1279999999965
2828.1679999999965
2828.2079999999964
2912.2479999999964
2912.2879999999964
2912.3279999999963
2912.3679999999963
2996.4079999999963
2996.4479999999962
2996.487999999996
2996.527999999996
3080.567999999996
3080.607999999996
3080.647999999996
3080.687999999996
3164.727999999996
3164.767999999996
3164.807999999996
3164.847999999996
3248.887999999996
3248.927999999996
3248.9679999999958
3249.0079999999957
3333.0479999999957
3333.0879999999956
3333.1279999999956
3333.1679999999956
3417.2079999999955
3417.2479999999955
3417.2879999999955
3417.3279999999954
3501.3679999999954
3501.4079999999954
3501.4479999999953
3501.4879999999953
3585.5279999999952
3585.567999999995
3585.607999999995
3585.647999999995
3669.687999999995
3669.727999999995
3669.767999999995
3669.807999999995
3753.847999999995
3753.887999999995
3753.927999999995
3753.967999999995
3838.007999999995
3838.0479999999948
3838.0879999999947
3838.1279999999947
3922.1679999999947
4156.167999999994
4156.207999999994
4156.247999999994
4156.287999999994
4240.327999999994
4240.367999999994
4240.407999999994
4240.447999999994
4324.487999999994
4324.527999999994
4324.567999999994
4324.607999999994
4408.647999999994
4408.687999999994
4408.727999999994
4408.767999999994
4492.807999999994
4492.847999999994
4492.887999999994
4492.9279999999935
4576.9679999999935
4577.007999999993
4577.047999999993
4577.087999999993
4661.127999999993
4661.167999999993
